epoch,loss,balanced_accuracy,balanced_accuracy_A13,balanced_accuracy_A14,balanced_accuracy_A15b,balanced_accuracy_A16,balanced_accuracy_A17a,balanced_accuracy_A19a,balanced_accuracy_A1a,balanced_accuracy_A1b,balanced_accuracy_A1c,balanced_accuracy_A32,balanced_accuracy_A33,balanced_accuracy_A34,balanced_accuracy_A4b2,balanced_accuracy_A7a,balanced_accuracy_A9,balanced_accuracy_B1,balanced_accuracy_B2a,balanced_accuracy_B3,balanced_accuracy_C13aa,balanced_accuracy_C13bb,balanced_accuracy_C14_100,balanced_accuracy_C14_120,balanced_accuracy_C14_20,balanced_accuracy_C14_30,balanced_accuracy_C14_50,balanced_accuracy_C14_60,balanced_accuracy_C14_70,balanced_accuracy_C14_80,balanced_accuracy_C17a,balanced_accuracy_C17b_80,balanced_accuracy_C17c,balanced_accuracy_C17d,balanced_accuracy_C1a,balanced_accuracy_C2,balanced_accuracy_C3e3,balanced_accuracy_D1a1,balanced_accuracy_D1a4,balanced_accuracy_D1a5,balanced_accuracy_D1a6,balanced_accuracy_D1a7,balanced_accuracy_D2a1,balanced_accuracy_D2a2,balanced_accuracy_D3,balanced_accuracy_valid,epoch_elapsed
0,0.42741498351097107,0.4979742169380188,0.5,0.5,0.5,0.5,0.5,0.5,0.5,0.5,0.5,0.5,0.5,0.5,0.5,0.5,0.4999077022075653,0.5,0.5,0.4979742169380188,0.5,0.5,0.5,0.5,0.5,0.4999048113822937,0.5,0.5,0.5,0.49924013018608093,0.5,0.5,0.5,0.4999077618122101,0.5,0.5,0.5,0.5,0.49981406331062317,0.5,0.5,0.5,0.5,0.5,0.5,0.5,2.37729549407959
1,0.0918559655547142,0.5,0.5,0.5,0.5,0.5,0.5,0.5,0.5,0.5,0.5,0.5,0.5,0.5,0.5,0.5,0.5,0.5,0.5,0.5,0.5,0.5,0.5,0.5,0.5,0.5,0.5,0.5,0.5,0.5,0.5,0.5,0.5,0.5,0.5,0.5,0.5,0.5,0.5,0.5,0.5,0.5,0.5,0.5,0.5,0.5,2.344400405883789
2,0.0671042948961258,0.5,0.5,0.5,0.5,0.5,0.5,0.5,0.5,0.5,0.5,0.5,0.5,0.5,0.5,0.5,0.5,0.5,0.5,0.5,0.5,0.5,0.5,0.5,0.5,0.5,0.5,0.5,0.5,0.5,0.5,0.5,0.5,0.5,0.5,0.5,0.5,0.5,0.5,0.5,0.5,0.5,0.5,0.5,0.5,0.533699631690979,2.286545753479004
3,0.06442608684301376,0.5,0.5,0.5,0.5,0.5,0.5,0.5,0.5,0.5,0.5,0.5,0.5,0.5,0.5,0.5,0.5,0.5,0.5,0.5,0.5,0.5,0.5,0.5,0.5,0.5,0.5,0.5,0.5,0.5,0.5,0.5,0.5,0.5,0.5,0.5,0.5,0.5,0.5,0.5,0.5,0.5,0.5,0.5,0.5,0.7789125442504883,2.2191684246063232
4,0.06303121149539948,0.5,0.5,0.5,0.5,0.5,0.5,0.5,0.5,0.5,0.5,0.5,0.5,0.5,0.5,0.5,0.5,0.5,0.5,0.5,0.5,0.5,0.5,0.5,0.5,0.5,0.5,0.5,0.5,0.5,0.5,0.5,0.5,0.5,0.5,0.5,0.5,0.5,0.5,0.5,0.5,0.5,0.5,0.5,0.5,0.7832662463188171,2.319092273712158
5,0.06122243031859398,0.5,0.5,0.5,0.5,0.5,0.5,0.5,0.5,0.5,0.5,0.5,0.5,0.5,0.5,0.5,0.5,0.5,0.5,0.5,0.5,0.5,0.5,0.5,0.5,0.5,0.5,0.5,0.5,0.5,0.5,0.5,0.5,0.5,0.5,0.5,0.5,0.5,0.5,0.5,0.5,0.5,0.5,0.5,0.5,0.7909364104270935,1.9658575057983398
6,0.05959649384021759,0.5,0.5,0.5,0.5,0.5,0.5,0.5,0.5,0.5,0.5,0.5,0.5,0.5,0.5,0.5,0.5,0.5,0.5,0.5,0.5,0.5,0.5,0.5,0.5,0.5,0.5,0.5,0.5,0.5,0.5,0.5,0.5,0.5,0.5,0.5,0.5,0.5,0.5,0.5,0.5,0.5,0.5,0.5,0.5,0.802405595779419,2.1837995052337646
7,0.05866057425737381,0.5,0.5,0.5,0.5,0.5,0.5,0.5,0.5,0.5,0.5,0.5,0.5,0.5,0.5,0.5,0.5,0.5,0.5,0.5,0.5,0.5,0.5,0.5,0.5,0.5,0.5,0.5,0.5,0.5,0.5,0.5,0.5,0.5,0.5,0.5,0.5,0.5,0.5,0.5,0.5,0.5,0.5,0.5,0.5,0.8061243295669556,2.178253650665283
8,0.05648934468626976,0.5,0.5,0.5,0.5,0.5,0.5,0.5,0.5,0.5,0.5,0.5,0.5,0.5,0.5,0.5,0.5,0.5,0.5,0.5,0.5,0.5,0.5,0.5,0.5,0.5,0.5,0.5,0.5,0.5,0.5,0.5,0.5,0.5,0.5,0.5,0.5,0.5,0.5,0.5,0.5,0.5,0.5,0.5,0.5,0.8255476951599121,2.173184394836426
9,0.053331322968006134,0.5,0.5,0.5,0.5,0.5,0.5,0.5,0.5,0.5,0.5,0.5,0.5,0.5,0.5,0.5,0.5,0.5,0.5,0.5,0.5,0.5,0.5,0.5,0.5,0.5,0.5,0.5,0.5,0.5,0.5,0.5,0.5,0.5,0.5,0.5,0.5,0.5,0.5,0.5,0.5,0.5,0.5,0.5,0.5,0.831946074962616,2.333099126815796
10,0.05143845081329346,0.5,0.5,0.5,0.5,0.5,0.5,0.5,0.5,0.5,0.5,0.5,0.5,0.5,0.5,0.5,0.5,0.5,0.5,0.5,0.5,0.5,0.5,0.5,0.5,0.5,0.5,0.5,0.5,0.5,0.5,0.5,0.5,0.5,0.5,0.5,0.5,0.5,0.5,0.5,0.5,0.5,0.5,0.5,0.5,0.8301389217376709,2.2688403129577637

11,0.047930773347616196,0.5,0.5,0.5,0.5,0.5,0.5,0.5,0.5,0.5,0.5,0.5,0.5,0.5,0.5,0.5,0.5,0.5,0.5,0.5,0.5,0.5,0.5,0.5,0.5,0.5,0.5,0.5,0.5,0.5,0.5,0.5,0.5,0.5,0.5,0.5,0.5,0.5,0.5,0.5,0.5,0.5,0.5,0.5,0.5,0.8420764207839966,2.394670009613037
12,0.04679415374994278,0.5,0.5,0.5,0.5,0.5,0.5,0.5,0.5,0.5,0.5,0.5,0.5,0.5,0.5,0.5,0.5,0.5,0.5,0.5,0.5,0.5,0.5,0.5,0.5,0.5,0.5,0.5,0.5,0.5,0.5,0.5,0.5,0.5,0.5,0.5,0.5,0.5,0.5,0.5,0.5,0.5,0.5,0.5,0.5,0.8478474617004395,2.2446038722991943
13,0.043109919875860214,0.5,0.5,0.5,0.5,0.5,0.5,0.5,0.5,0.5,0.5,0.5,0.5,0.5,0.5,0.5,0.5,0.5,0.5,0.5,0.5,0.5,0.5,0.5,0.5,0.5,0.5,0.5,0.5,0.5,0.5,0.5,0.5,0.5,0.5,0.5,0.5,0.5,0.5,0.5,0.5,0.5,0.5,0.5,0.5,0.8676567673683167,2.2590136528015137
14,0.040183380246162415,0.4998098909854889,0.5,0.5,0.5,0.5,0.5,0.5,0.5,0.5,0.5,0.5,0.5,0.5,0.5,0.5,0.5,0.5,0.5,0.5,0.5,0.5,0.5,0.5264550447463989,0.5,0.4998098909854889,0.5,0.5,0.5,0.5,0.5,0.5,0.5,0.5,0.5,0.5,0.5,0.5,0.5,0.5,0.5,0.5,0.5,0.5,0.5,0.876754879951477,2.1432321071624756
15,0.03860829025506973,0.49952614307403564,0.5,0.5,0.5,0.5,0.5,0.5,0.5,0.5,0.5,0.5,0.5,0.5,0.5,0.5,0.5,0.5,0.5,0.5,0.5,0.5,0.5,0.5417243242263794,0.4998103082180023,0.49952614307403564,0.5,0.5,0.5,0.5,0.5,0.5,0.5,0.5,0.5,0.5,0.5,0.5,0.5,0.5,0.5,0.5,0.5,0.5,0.5,0.9009883403778076,2.287342071533203
16,0.036446865648031235,0.49952542781829834,0.5,0.5,0.5,0.5,0.5,0.5,0.5,0.5,0.5,0.5,0.5,0.5,0.5,0.5,0.5,0.5,0.5,0.5,0.5,0.5,0.5,0.5781530141830444,0.4996195435523987,0.5340054035186768,0.49952542781829834,0.5,0.49971461296081543,0.49990522861480713,0.5,0.5,0.5,0.5,0.5,0.5,0.5,0.5,0.5,0.5,0.5,0.5,0.5,0.5,0.5,0.8887176513671875,1.9638652801513672
17,0.03429534286260605,0.49980998039245605,0.5,0.5,0.5,0.5,0.5,0.5,0.5,0.5,0.5,0.5,0.5,0.5,0.5,0.5,0.5,0.5,0.5,0.5,0.5,0.5,0.5152180194854736,0.7200166583061218,0.5785260200500488,0.622201144695282,0.5137296319007874,0.49990496039390564,0.5494524240493774,0.49980998039245605,0.5,0.5,0.5,0.5,0.5,0.5,0.5,0.5,0.5,0.5,0.5,0.5,0.5,0.5,0.5,0.9044274091720581,2.064497232437134
18,0.032715894281864166,0.49990540742874146,0.5,0.5,0.5,0.5,0.5,0.5,0.5,0.5,0.5,0.5,0.5,0.5,0.5,0.5,0.5,0.5,0.5657894611358643,0.5,0.5,0.5,0.5530000329017639,0.7174413204193115,0.6118624210357666,0.6280012130737305,0.6097366213798523,0.5026032328605652,0.6030570268630981,0.49990540742874146,0.5,0.5,0.5,0.5,0.5,0.5,0.5,0.5,0.5,0.5,0.5,0.5,0.5,0.5,0.5,0.915954053401947,2.1400270462036133
19,0.03081483021378517,0.5,0.5,0.5,0.5,0.5,0.5,0.5,0.5,0.5,0.5,0.5,0.5,0.5,0.5,0.5,0.5,0.5,0.6290322542190552,0.5,0.5,0.5,0.6886953115463257,0.755237877368927,0.6499293446540833,0.8242273330688477,0.559300422668457,0.6076585650444031,0.6183133721351624,0.5057626962661743,0.5,0.5,0.5,0.5,0.5,0.5,0.5,0.5,0.5,0.5,0.5,0.5,0.5,0.5,0.5,0.9188293218612671,2.1783447265625
20,0.028755608946084976,0.5,0.5,0.5,0.5,0.5,0.5,0.5,0.5,0.5,0.5,0.5,0.5,0.5,0.5,0.5,0.5,0.5,0.6219512224197388,0.5,0.5,0.5,0.7694946527481079,0.7937051057815552,0.7931225895881653,0.9161560535430908,0.8526162505149841,0.6544171571731567,0.8096511363983154,0.5569462776184082,0.5,0.5,0.5,0.5,0.5,0.5,0.5,0.5,0.5,0.5,0.5,0.5,0.5,0.5,0.5,0.9251024723052979,2.2152459621429443

21,0.028118886053562164,0.49990639090538025,0.5,0.5,0.5,0.5,0.5,0.5,0.5,0.5,0.5,0.5,0.5,0.5,0.5,0.5,0.5,0.5,0.6176470518112183,0.5,0.5,0.49990639090538025,0.8801089525222778,0.8988603949546814,0.9130628705024719,0.8861510753631592,0.8496435880661011,0.7082099914550781,0.8970624208450317,0.6768819093704224,0.5,0.5,0.5,0.5,0.5,0.5,0.5,0.5,0.5,0.5,0.5,0.5,0.5,0.5,0.5,0.920823335647583,2.376883029937744
22,0.02702888660132885,0.49971866607666016,0.5,0.5,0.5,0.5,0.5,0.5,0.5,0.5,0.5,0.5,0.5,0.5,0.5,0.5,0.5,0.5,0.7999073266983032,0.5,0.4997192621231079,0.49971866607666016,0.934237003326416,0.9734362363815308,0.998760461807251,0.9691210985183716,0.9172700643539429,0.7502461671829224,0.8994283676147461,0.7073827385902405,0.5,0.5,0.5,0.5,0.5,0.5,0.5,0.5,0.5,0.5,0.5,0.5,0.5,0.5,0.5,0.9150470495223999,2.1715402603149414
23,0.02622363343834877,0.4996267855167389,0.5,0.5,0.5,0.5,0.5,0.5,0.5,0.5,0.5,0.5,0.5,0.5,0.5,0.5,0.5,0.5,0.7851577997207642,0.5,0.4996267855167389,0.49990639090538025,0.9460151791572571,0.9961438775062561,0.976263165473938,0.9681382179260254,0.9557271003723145,0.8544857501983643,0.8490645885467529,0.8225947022438049,0.5,0.5,0.5,0.5,0.5,0.5,0.5,0.5,0.5,0.5,0.5,0.5,0.5,0.5,0.5,0.9165358543395996,2.1890506744384766
24,0.02445952780544758,0.4998127818107605,0.5,0.5,0.5,0.5,0.5,0.5,0.5,0.5,0.5,0.5,0.5,0.5,0.5,0.5,0.5,0.5,0.6703618764877319,0.5,0.49990659952163696,0.4998137056827545,0.9163454174995422,0.999047040939331,0.9950693845748901,0.9981877207756042,0.9190136194229126,0.9008259177207947,0.8489272594451904,0.8804289698600769,0.5,0.5,0.5,0.5,0.5,0.5,0.4998127818107605,0.5,0.5,0.5,0.5,0.5,0.5,0.5,0.5,0.9232746362686157,2.2032408714294434
25,0.023460350930690765,0.4995327889919281,0.5,0.5,0.5,0.5,0.5,0.5,0.5,0.5,0.5,0.5,0.5,0.5,0.5,0.5,0.5,0.5,0.7788845300674438,0.5,0.5171616673469543,0.4995327889919281,0.9697432518005371,0.9554420709609985,0.998100996017456,0.9989571571350098,0.969406247138977,0.9649409055709839,0.9234679937362671,0.9192153811454773,0.5,0.5,0.5,0.5,0.5,0.5,0.4999066889286041,0.5,0.5,0.5,0.5,0.5,0.5,0.5,0.5,0.9196188449859619,2.208702564239502
26,0.02285650558769703,0.49981439113616943,0.5,0.5,0.5,0.5,0.5,0.5,0.5,0.5,0.5,0.5,0.5,0.5,0.5,0.5,0.5,0.5,0.9997220039367676,0.5,0.7469561100006104,0.66847825050354,0.9872115850448608,0.9856041073799133,0.9987679719924927,0.9983818531036377,0.9509838819503784,0.9984779357910156,0.9262887239456177,0.9158748984336853,0.5,0.5,0.5,0.5,0.5,0.5,0.4999068081378937,0.5,0.5,0.5,0.5,0.5,0.49990713596343994,0.49981439113616943,0.5,0.920576810836792,2.193474292755127
27,0.021665211766958237,0.49981412291526794,0.5,0.5,0.5,0.5,0.5,0.5,0.5,0.5,0.5,0.5,0.5,0.5,0.5,0.5,0.5,0.5,0.9710585474967957,0.5,0.7752293944358826,0.9202795028686523,0.998566746711731,0.9979079365730286,0.9984848499298096,0.9982892870903015,0.9988588690757751,0.9989553689956665,0.9287494421005249,0.9728645086288452,0.5,0.5,0.5,0.5,0.5,0.5,0.5524444580078125,0.5,0.5,0.49981412291526794,0.5,0.5,0.4999070167541504,0.49990713596343994,0.5,0.9238300323486328,2.236391544342041
28,0.021234912797808647,0.499813973903656,0.5,0.5,0.5,0.5,0.5,0.5,0.5,0.5,0.5,0.5,0.5,0.5,0.5,0.5,0.5,0.5,0.9997221827507019,0.5,0.849837064743042,0.9596667289733887,0.9986679553985596,0.998196005821228,0.9975205063819885,0.9984703660011292,0.9978066086769104,0.9927639961242676,0.9732332229614258,0.9828627109527588,0.5,0.5,0.5,0.5,0.5,0.5,0.583683967590332,0.49990713596343994,0.5,0.5209404826164246,0.5,0.5440245866775513,0.5,0.5090736150741577,0.499813973903656,0.9198315143585205,2.169947624206543
29,0.0204286091029644,0.4994429051876068,0.5,0.5,0.5,0.5,0.5,0.5,0.5,0.5,0.5,0.5,0.5,0.5,0.5,0.5,0.5,0.5,0.9997224807739258,0.5,0.8366760611534119,0.9557485580444336,0.9983876943588257,0.9981980323791504,0.9983843564987183,0.9988621473312378,0.9979150891304016,0.9981024265289307,0.9933892488479614,0.9981935620307922,0.5,0.5,0.5,0.5,0.5,0.5,0.8020412921905518,0.5,0.5,0.5311570167541504,0.4999070167541504,0.6640063524246216,0.5,0.4994429051876068,0.5907230377197266,0.9253407716751099,2.249565362930298
30,0.020033972337841988,0.4999072551727295,0.5,0.5,0.5,0.5,0.5,0.5,0.5,0.5,0.5,0.5,0.5,0.5,0.5,0.5,0.5,0.5,0.9997220039367676,0.5,0.8813683986663818,0.9774230718612671,0.9986659288406372,0.9910997748374939,0.998573899269104,0.9978224039077759,0.998289942741394,0.998198390007019,0.997809112071991,0.998576283454895,0.5,0.5,0.5,0.5,0.5,0.5,0.9123134613037109,0.507506251335144,0.5,0.5604199767112732,0.4999072551727295,0.663876473903656,0.5349019765853882,0.5,0.579907238483429,0.9265154004096985,2.238584518432617

31,0.018984707072377205,0.5,0.5,0.5,0.5,0.5,0.5,0.5,0.5,0.5,0.5,0.5,0.5,0.5,0.5,0.5,0.5,0.5,0.9996291399002075,0.5,0.9396271705627441,0.9809194207191467,0.9974285364151001,0.998765230178833,0.9982889890670776,0.9982903003692627,0.9987673163414001,0.992512583732605,0.9921786785125732,0.9986729621887207,0.5,0.5,0.5,0.5,0.5,0.5,0.973030149936676,0.7499070167541504,0.5,0.6737268567085266,0.5261300206184387,0.8383685350418091,0.7323012351989746,0.6173686981201172,0.642764151096344,0.9242491722106934,2.2598371505737305
32,0.019275708124041557,0.5,0.5,0.5,0.5,0.5,0.5,0.5,0.5,0.5,0.5,0.5,0.5,0.5,0.5,0.5,0.5,0.5,0.9995370507240295,0.5,0.7755738496780396,0.9996260404586792,0.9982905983924866,0.9975294470787048,0.9990452527999878,0.9978132843971252,0.9984756112098694,0.9980026483535767,0.9984856843948364,0.9979115128517151,0.5,0.5,0.5,0.5,0.5,0.5,0.9344102144241333,0.780423104763031,0.5,0.6557849645614624,0.6447413563728333,0.6815396547317505,0.7748141288757324,0.7417224645614624,0.7963169813156128,0.9256443977355957,2.2384393215179443
33,0.018410373479127884,0.5,0.5,0.5,0.5,0.5,0.5,0.5,0.5,0.5,0.5,0.5,0.5,0.5,0.5,0.5,0.5,0.5,0.9320622682571411,0.5,0.9398316144943237,0.9993454217910767,0.9980117082595825,0.9981987476348877,0.9981939196586609,0.9984779357910156,0.9979938864707947,0.998576283454895,0.9984840154647827,0.9979981184005737,0.5,0.5,0.5,0.5,0.5,0.5,0.957146406173706,0.7643347978591919,0.5086206793785095,0.7540054321289062,0.7422747611999512,0.8381824493408203,0.9390028715133667,0.766109049320221,0.8982714414596558,0.9260707497596741,2.23659086227417
34,0.017154280096292496,0.4999072551727295,0.5,0.5,0.5,0.5,0.5,0.5,0.5,0.5,0.5,0.5,0.5,0.5,0.5,0.5,0.5,0.5,0.8329630494117737,0.5,0.9648783206939697,0.9994403123855591,0.9984793663024902,0.9988627433776855,0.9982935190200806,0.9986724853515625,0.9983822107315063,0.9985743761062622,0.9983766078948975,0.997908353805542,0.5,0.5,0.5,0.5,0.4999072551727295,0.5,0.9996260404586792,0.8385237455368042,0.6015090942382812,0.8726025819778442,0.6823537349700928,0.8328694105148315,0.9193642735481262,0.8330539464950562,0.9844763278961182,0.9327108860015869,2.2731802463531494
35,0.016868561506271362,0.5,0.5,0.5,0.5,0.5,0.5,0.5,0.5,0.5,0.5,0.5,0.5,0.5,0.5,0.5,0.5,0.5,0.8969663381576538,0.5,0.9505259990692139,0.9995312094688416,0.9985687136650085,0.9977142810821533,0.9985755085945129,0.9985733032226562,0.9987633228302002,0.9982004165649414,0.9989523887634277,0.9988614916801453,0.5,0.5,0.5,0.5,0.5112709999084473,0.5,0.9996249675750732,0.9423916339874268,0.5963983535766602,0.786665678024292,0.7828686237335205,0.9563355445861816,0.8295361995697021,0.8331477642059326,0.9997206926345825,0.930274486541748,2.368793249130249
36,0.016831446439027786,0.5,0.5,0.5,0.5,0.5,0.5,0.5,0.5,0.5,0.5,0.5,0.5,0.5,0.5,0.5,0.5,0.5,0.999536395072937,0.5,0.9880762100219727,0.9992531538009644,0.9983800649642944,0.9980026483535767,0.9983886480331421,0.9981053471565247,0.9990473985671997,0.9983892440795898,0.998576283454895,0.9985752105712891,0.5,0.5,0.5,0.5,0.5581395626068115,0.5,0.9988795518875122,0.97064208984375,0.5318222045898438,0.8044084906578064,0.7446341514587402,0.9996284246444702,0.81699538230896,0.8359922170639038,0.9269013404846191,0.9304056167602539,2.3785712718963623
37,0.01571114920079708,0.5,0.5,0.5,0.5,0.5,0.5,0.5,0.5,0.5,0.5,0.5,0.5,0.5,0.5,0.5,0.5,0.5,0.999444842338562,0.5,0.9473942518234253,0.9991596937179565,0.9986737370491028,0.998104989528656,0.9979950189590454,0.9984756112098694,0.997812032699585,0.9984836578369141,0.9982854127883911,0.9975453615188599,0.5,0.5,0.5,0.5,0.6412116289138794,0.5,0.9997199773788452,0.9996283054351807,0.7088123559951782,0.9756205081939697,0.7104724645614624,0.9995346069335938,0.9578686952590942,0.9109257459640503,0.8699990510940552,0.9365113377571106,2.268618106842041
38,0.015613592229783535,0.49981454014778137,0.5,0.5,0.5,0.5,0.5,0.5,0.5,0.5,0.5,0.5,0.5,0.5,0.5,0.5,0.5,0.5,0.9878173470497131,0.5,0.9869929552078247,0.9990652799606323,0.998288631439209,0.9979992508888245,0.9980003833770752,0.9976181387901306,0.9988608360290527,0.9983882904052734,0.9987668395042419,0.9983787536621094,0.5,0.49981454014778137,0.5,0.5,0.824999988079071,0.5,0.9994392395019531,0.9998142719268799,0.7287957668304443,0.9996281266212463,0.8456887006759644,0.9992589950561523,0.9676030874252319,0.9248141050338745,0.9609816670417786,0.9337155222892761,2.1907119750976562
39,0.01494643371552229,0.49990734457969666,0.5,0.5,0.5,0.5,0.5,0.5,0.5,0.5,0.5,0.5,0.5,0.5,0.5,0.5,0.5,0.5,0.9996290802955627,0.5,0.9990638494491577,0.9994391202926636,0.998284101486206,0.9986785054206848,0.9986668825149536,0.9981092810630798,0.9980090856552124,0.99790358543396,0.9986666440963745,0.9989567399024963,0.5,0.49990734457969666,0.5,0.5,0.9999073147773743,0.5,0.999252200126648,0.9991617202758789,0.9461538791656494,0.940399169921875,0.8993476629257202,0.9997210502624512,0.945126473903656,0.9995359182357788,0.9506092667579651,0.9375022053718567,1.8772048950195312
40,0.01477760262787342,0.5,0.5,0.5,0.5,0.5,0.5,0.5,0.5,0.5,0.5,0.5,0.5,0.5,0.5,0.5,0.5,0.5,0.9649825096130371,0.5,0.9992520809173584,0.9991579055786133,0.9973409175872803,0.9981963038444519,0.9986697435379028,0.9984779357910156,0.998288631439209,0.9985765814781189,0.9988610744476318,0.999334454536438,0.5,0.5348837375640869,0.5,0.5,0.999907374382019,0.5,0.9992504119873047,0.9997205138206482,0.781064510345459,0.9996277689933777,0.9202629327774048,0.9997217655181885,0.9913776516914368,0.9996285438537598,0.9996275901794434,0.9366607666015625,2.2556874752044678

41,0.014539391733705997,0.5,0.5,0.5,0.5,0.5,0.5,0.5,0.5,0.5,0.5,0.5,0.5,0.5,0.5,0.5,0.5,0.5,0.9645603895187378,0.5,0.999626100063324,0.9993456602096558,0.9984851479530334,0.9985678791999817,0.9977238178253174,0.9980952739715576,0.9984842538833618,0.9981914758682251,0.9979973435401917,0.9984791278839111,0.5,0.6477272510528564,0.5,0.5,0.9998147487640381,0.5,0.9991539716720581,0.999164342880249,0.8047130703926086,0.9996275901794434,0.8212428092956543,0.9995343685150146,0.9212902784347534,0.999721348285675,1.0,0.9353310465812683,2.28983473777771
42,0.014226600527763367,0.4998154640197754,0.5,0.5,0.5,0.5,0.5,0.5,0.5,0.5,0.5,0.5,0.5,0.5,0.5,0.5,0.5,0.5,0.9997222423553467,0.5,0.9672960042953491,0.9994373321533203,0.9982850551605225,0.9982867240905762,0.9984854459762573,0.997815728187561,0.9988610744476318,0.9985736012458801,0.9985692501068115,0.9980000257492065,0.5,0.562407374382019,0.5,0.4998154640197754,0.9998149871826172,0.5,0.998970627784729,0.9995351433753967,0.9222279787063599,0.9997214078903198,0.9849218130111694,0.9994431734085083,0.9093506336212158,0.9993471503257751,0.9995357394218445,0.9373527765274048,2.362380027770996
43,0.01368539035320282,0.4998151957988739,0.5,0.5,0.5,0.5,0.5,0.5,0.5,0.5,0.5,0.5,0.5,0.5,0.5,0.5,0.5,0.5,0.9997223615646362,0.5,0.9995325207710266,0.9995332360267639,0.9984810948371887,0.9986674189567566,0.9985725283622742,0.9980030059814453,0.9984785318374634,0.9977182149887085,0.998285710811615,0.9981969594955444,0.5,0.7178561687469482,0.5,0.4998151957988739,0.9997223615646362,0.5,0.9994396567344666,0.9995347857475281,0.9991613626480103,0.9995356798171997,0.9095361828804016,0.9998140931129456,0.9269942045211792,0.9993484616279602,0.9996285438537598,0.9421427845954895,2.217072010040283
44,0.013073270209133625,0.49990785121917725,0.5,0.5,0.5,0.5,0.5,0.5,0.5,0.5,0.5,0.5,0.5,0.5,0.5,0.5,0.5,0.5,0.9995372295379639,0.5,0.9865024089813232,0.9994398951530457,0.9984848499298096,0.9978099465370178,0.9988636374473572,0.9987633228302002,0.9983882904052734,0.998479962348938,0.998765230178833,0.9979950189590454,0.5,0.5483871102333069,0.49990785121917725,0.5,0.9241499900817871,0.5,0.999065637588501,0.9995337724685669,0.9994410276412964,0.9998142719268799,0.9995344877243042,0.998974084854126,0.9991629123687744,0.9993477463722229,0.9997209310531616,0.9446702003479004,2.286787509918213
45,0.01336095854640007,0.5,0.5,0.5,0.5,0.5,0.5,0.5,0.5,0.5,0.5,0.5,0.5,0.5,0.5,0.5,0.5,0.5,0.9995361566543579,0.5,0.9996259212493896,0.9993476271629333,0.9973469972610474,0.9986765384674072,0.9979023933410645,0.9984747171401978,0.9983925819396973,0.9981969594955444,0.998479962348938,0.9977169036865234,0.5,0.5555555820465088,0.5,0.5,0.970588207244873,0.5,0.9989696741104126,0.9992566108703613,0.9631720781326294,0.9996287226676941,0.9996287822723389,0.9993491172790527,0.9205881953239441,0.9997208118438721,0.999442994594574,0.9415756464004517,2.195913791656494
46,0.012194657698273659,0.4999077618122101,0.5,0.5,0.5,0.5,0.5,0.4999077618122101,0.5,0.5,0.5483871102333069,0.5,0.5,0.5,0.5,0.5,0.5,0.5,0.9997224807739258,0.5,0.9996253252029419,0.9992530345916748,0.9986628293991089,0.9987626075744629,0.9987626075744629,0.9977147579193115,0.9985743761062622,0.9984767436981201,0.9982916116714478,0.9981945753097534,0.5,0.7141933441162109,0.49990782141685486,0.49990779161453247,0.9999074339866638,0.5,0.9992530345916748,0.9996272921562195,0.9995343685150146,0.9996280670166016,0.9997212886810303,0.9996281266212463,0.9893978834152222,0.9994417428970337,0.9998141527175903,0.9444607496261597,2.1882007122039795
47,0.01227637194097042,0.4997234642505646,0.5,0.5,0.5,0.4998151957988739,0.5,0.5,0.5,0.5,0.5,0.49990785121917725,0.5,0.5,0.5,0.5142857432365417,0.5,0.5,0.9824813604354858,0.5,0.9991579055786133,0.9994393587112427,0.998476505279541,0.997901976108551,0.998669445514679,0.99857497215271,0.998476505279541,0.9980045557022095,0.9981849193572998,0.9985781908035278,0.5,0.6051706075668335,0.4997234642505646,0.6723213791847229,0.9998148679733276,0.5,0.9994398951530457,0.9994417428970337,0.9995362758636475,0.9996281266212463,0.9994429349899292,0.9997206926345825,0.9994423389434814,0.999068558216095,0.9992574453353882,0.9413735270500183,2.205916404724121
48,0.012186865322291851,0.4999077618122101,0.5,0.5,0.5,0.5,0.5,0.4999077618122101,0.5,0.5,0.4999077618122101,0.5,0.5,0.5,0.5,0.5263158082962036,0.5,0.5,0.9998149871826172,0.5,0.9994392395019531,0.999439001083374,0.9980999231338501,0.9984828233718872,0.9980995655059814,0.9982873201370239,0.9987626075744629,0.9988566637039185,0.9984810948371887,0.9987674951553345,0.5,0.8330548405647278,0.5,0.6399999856948853,0.9995372295379639,0.5,0.9993447065353394,0.999535322189331,0.9603204131126404,0.9995360970497131,0.9998135566711426,0.999442458152771,0.9993497133255005,0.9995361566543579,0.9997209310531616,0.9431893825531006,2.132258415222168
49,0.012067903764545918,0.49990779161453247,0.5,0.5,0.8791255354881287,0.5,0.5,0.5,0.6176470518112183,0.5,0.49990779161453247,0.5,0.5,0.5,0.5,0.5,0.5,0.5,0.9993504285812378,0.5,0.9993447065353394,0.9989717602729797,0.9978045225143433,0.9986714720726013,0.9995267987251282,0.998192548751831,0.9987689256668091,0.99819016456604,0.998375415802002,0.9987590312957764,0.5,0.9785379767417908,0.5,0.8691959977149963,0.9999074339866638,0.5,0.9991587400436401,0.9993500709533691,0.8767087459564209,0.9997208118438721,0.999627947807312,0.9996267557144165,0.9997211694717407,0.9998143911361694,0.9994425773620605,0.9431445002555847,2.263939380645752
50,0.011547893285751343,0.4999077022075653,0.5,0.5,0.8436578512191772,0.5,0.49990779161453247,0.5,0.7058823704719543,0.5,0.5,0.4999077022075653,0.6875,0.5,0.5,0.4999077618122101,0.5,0.5,0.9999075531959534,0.5,0.9997203350067139,0.9997197389602661,0.9975312948226929,0.9982846975326538,0.9985768795013428,0.9983809590339661,0.9982000589370728,0.9985752105712891,0.9983880519866943,0.9987657070159912,0.5,0.9897959232330322,0.5,0.49990785121917725,0.9999072551727295,0.5,0.9993462562561035,0.9997217059135437,0.9995351433753967,0.9912949204444885,0.9995360970497131,0.9993482232093811,0.9998143911361694,0.9999070167541504,0.9997208118438721,0.9486318826675415,1.8962957859039307

51,0.010328752920031548,0.5,0.6399999856948853,0.5,0.9130434989929199,0.65625,0.5,0.5,0.529411792755127,0.5,0.8034790754318237,0.5,0.875,0.5,0.5,0.5,0.5,0.5,0.9997220039367676,0.5,0.99953293800354,0.9998135566711426,0.9984831213951111,0.9989559650421143,0.9984744787216187,0.9988576173782349,0.9989538192749023,0.9985725283622742,0.9989513754844666,0.9981987476348877,0.5,0.8331483006477356,0.8103448152542114,0.804347813129425,0.9999073147773743,0.5,0.9996257424354553,0.9995349645614624,0.9994421601295471,0.9994426965713501,0.9994423389434814,0.9994426965713501,0.9996284246444702,0.9995354413986206,0.999535322189331,0.9547627568244934,2.1895999908447266
52,0.010619559325277805,0.4999077618122101,0.8125,0.5,0.9999076724052429,0.695652186870575,0.5,0.7855297327041626,0.59375,0.5,1.0,0.49990785121917725,0.8571428656578064,0.5277777910232544,0.5,0.4999077618122101,0.5,0.5,0.999815046787262,0.5,0.99953293800354,0.9991577863693237,0.9984753131866455,0.9990442991256714,0.9983824491500854,0.998956561088562,0.998288631439209,0.998572826385498,0.9988621473312378,0.998565673828125,0.5,0.9355271458625793,1.0,1.0,0.9998148083686829,0.5,0.9988770484924316,0.9996280670166016,0.9993501901626587,0.9995354413986206,0.9995360970497131,0.9994421601295471,0.9996284246444702,0.9998147487640381,0.9997208118438721,0.9516606330871582,2.1219170093536377
53,0.010644706897437572,0.5,0.8214285373687744,0.5,0.9249078035354614,0.7999078035354614,0.6333333253860474,0.5,0.738095223903656,0.5,0.65625,0.6151999235153198,1.0,0.5832411050796509,0.7599999904632568,0.75,0.5,0.5,0.9994438886642456,0.5,0.9994389414787292,0.9992529153823853,0.9983861446380615,0.9984776377677917,0.9983861446380615,0.9985803365707397,0.9978066086769104,0.9983834028244019,0.998384952545166,0.9992392659187317,0.5,0.9720371961593628,0.9686578512191772,1.0,0.9993513822555542,0.5,0.9995325207710266,0.9997212886810303,0.9997210502624512,0.9995369911193848,0.991691529750824,0.9994426965713501,0.999535322189331,0.9999071359634399,0.9995359182357788,0.9508991241455078,2.138627052307129
54,0.010734735056757927,0.5,0.5454545617103577,0.5,1.0,0.7856220006942749,0.6903839111328125,0.6785714626312256,0.9999077320098877,0.5,0.5332411527633667,0.9999077916145325,1.0,0.9137006998062134,1.0,0.8887968063354492,0.5,0.5,0.9995371103286743,0.5,0.9992538690567017,0.9992526173591614,0.9980992078781128,0.9986628293991089,0.9986704587936401,0.9988610744476318,0.9985711574554443,0.9985681772232056,0.9983837604522705,0.9986666440963745,0.5,0.8028453588485718,0.9442600011825562,0.9999077320098877,0.9997221231460571,0.5,0.9991576075553894,0.9997212290763855,0.998977541923523,0.9994421005249023,0.9995351433753967,0.9997210502624512,0.9994436502456665,0.9999073147773743,0.9996274709701538,0.9500738978385925,2.219353437423706
55,0.010451085865497589,0.5,0.9444444179534912,0.5,1.0,0.9999077320098877,0.6904761791229248,0.5,0.9999077916145325,0.5,0.7776855826377869,1.0,0.9999077916145325,0.9116724729537964,0.9165744781494141,0.7083333134651184,0.5,0.5,0.999259352684021,0.5,0.9987843632698059,0.9994393587112427,0.9988634586334229,0.998483419418335,0.9986651539802551,0.9983818531036377,0.9983794093132019,0.9984802007675171,0.9982883334159851,0.9983822107315063,0.5,0.987434446811676,0.9208681583404541,0.9229848384857178,0.9998146891593933,0.5,0.9991593360900879,0.9994418621063232,0.9995343685150146,0.9995349645614624,0.9994421005249023,0.9996290802955627,0.9994434118270874,0.9996274709701538,0.9993491172790527,0.9516643285751343,2.2482802867889404
56,0.010330062359571457,0.5,0.8420130014419556,0.5,0.999723494052887,1.0,0.8539820313453674,0.875,0.9998154640197754,0.5400000214576721,0.95652174949646,0.9998154640197754,1.0,1.0,1.0,0.807600200176239,0.5,0.5,0.9443519115447998,0.5,0.9995335936546326,0.9993466138839722,0.9985776543617249,0.9981945753097534,0.9984779357910156,0.9986714720726013,0.998573899269104,0.998669445514679,0.9985725283622742,0.9982863664627075,0.5,0.999907374382019,0.875,0.7352941036224365,0.9996299743652344,0.5,0.9996256232261658,0.9991629123687744,0.9992567896842957,0.9997208118438721,0.9997212886810303,0.9997210502624512,0.9993485808372498,0.9996292591094971,0.9992561340332031,0.9516310691833496,2.188485860824585
57,0.010176898911595345,0.5,0.9999077320098877,0.5,0.6873156428337097,1.0,0.8799999952316284,0.9090908765792847,0.9999078512191772,0.8055555820465088,0.9999076724052429,1.0,0.9999078512191772,1.0,0.8808600902557373,0.9999078512191772,0.5625,0.5,0.9995361566543579,0.5,0.9995325803756714,0.9994357824325562,0.9990494251251221,0.9990476369857788,0.9982908964157104,0.9984848499298096,0.9989585280418396,0.9988592863082886,0.997908353805542,0.9981046319007874,0.5,0.9999074935913086,0.9999077320098877,0.9128588438034058,0.9994434118270874,0.5,0.999345064163208,0.9998141527175903,0.9995347261428833,0.999535322189331,0.9999068975448608,0.9996282458305359,0.9996287226676941,0.999721348285675,0.999534010887146,0.9542051553726196,2.2573180198669434
58,0.00937933474779129,0.4998156428337097,0.9999078512191772,0.4998156428337097,0.9999076128005981,1.0,0.7499078512191772,1.0,0.7894736528396606,0.5,0.9999076724052429,0.9998154044151306,1.0,1.0,1.0,0.9996306896209717,0.8611111044883728,0.5,0.9996291399002075,0.5,0.9993469715118408,0.9992538690567017,0.9985637664794922,0.9984782338142395,0.9989532232284546,0.9989571571350098,0.9982778429985046,0.9990514516830444,0.9987626075744629,0.9990479946136475,0.5,1.0,0.9998154640197754,1.0,0.9997221231460571,0.49990788102149963,0.9990675449371338,0.9997211694717407,0.9996283054351807,0.9995354413986206,0.9992576241493225,0.9996285438537598,0.9995360374450684,0.9999070167541504,0.9996277689933777,0.9578319191932678,2.182079553604126
59,0.00981895811855793,0.4999076724052429,0.9998155832290649,0.75,1.0,1.0,0.895648717880249,1.0,0.9999077916145325,0.5,1.0,0.9999077320098877,0.9999077320098877,0.9999078512191772,0.9996306896209717,0.9999077916145325,1.0,0.5,0.9997225403785706,0.5,0.9992541074752808,0.9994396567344666,0.9981939196586609,0.9989535808563232,0.9984750151634216,0.9990477561950684,0.9988612532615662,0.9982870221138,0.9985779523849487,0.9989533424377441,0.5,0.9996302127838135,0.9999078512191772,1.0,0.9998144507408142,0.4999076724052429,0.9992534518241882,0.9997216463088989,0.9996275901794434,0.9995344877243042,0.9993505477905273,0.9995347261428833,0.999720573425293,0.9993485808372498,0.9997204542160034,0.9564757347106934,2.5082101821899414
60,0.009928814135491848,0.4999077618122101,0.8684210777282715,0.9999077916145325,1.0,0.9999076724052429,1.0,1.0,1.0,0.53125,1.0,1.0,0.9998155832290649,0.9999078512191772,1.0,0.9704960584640503,0.7307692170143127,0.5,0.9997216463088989,0.5,0.9991604089736938,0.999346137046814,0.9984747171401978,0.9988542795181274,0.9990512132644653,0.9988614916801453,0.9987717270851135,0.9991403818130493,0.9981870651245117,0.9988600015640259,0.5,0.9998151063919067,0.9999077320098877,1.0,0.9997227191925049,0.4999077618122101,0.9995347261428833,0.9994411468505859,0.9995357990264893,0.9992574453353882,0.999535083770752,0.9997214078903198,0.9993485808372498,0.9994416236877441,0.999535322189331,0.9555376172065735,2.3104212284088135

61,0.009707479737699032,0.5,1.0,1.0,1.0,0.9999077320098877,1.0,1.0,1.0,0.7727272510528564,0.9998153448104858,0.9999077320098877,1.0,0.9999077916145325,0.9997233152389526,0.9999077320098877,0.75,0.5,0.9997217655181885,0.5,0.9996259212493896,0.9994397759437561,0.9986762404441833,0.9988564848899841,0.9980080127716064,0.9986749887466431,0.9986653923988342,0.998664379119873,0.998573899269104,0.9984791278839111,0.8888888955116272,1.0,0.9999076128005981,0.9999078512191772,0.9997222423553467,0.5,0.9997196197509766,0.9998140931129456,0.9994422793388367,0.9997210502624512,0.9998143315315247,0.9994425773620605,0.9993497133255005,0.9994425773620605,0.9994429349899292,0.9581452012062073,2.028455972671509
62,0.00963764451444149,0.5,0.875,0.9999077320098877,0.9997235536575317,0.9999077320098877,0.9790743589401245,0.9998157024383545,0.9999077916145325,0.9999076724052429,0.999723494052887,0.9998155236244202,0.9998155236244202,1.0,1.0,1.0,0.8999999761581421,0.5,0.9996294975280762,0.5,0.9994372129440308,0.9995312690734863,0.9985736012458801,0.9986729621887207,0.999334990978241,0.9988588690757751,0.9988560676574707,0.9989544153213501,0.9986704587936401,0.9982908964157104,0.9284791946411133,0.9997227191925049,0.9998154640197754,1.0,0.999907374382019,0.5,0.9994397759437561,0.9993493556976318,0.9998143911361694,0.999442458152771,0.999814510345459,0.9995354413986206,0.9996284246444702,0.9993497133255005,0.9997220039367676,0.9558476209640503,2.176610231399536
63,0.009232216514647007,0.5,0.9999076128005981,0.9999077320098877,0.9998153448104858,1.0,0.9999078512191772,0.9998155832290649,0.9998154640197754,0.999722957611084,0.9998155832290649,1.0,0.9998154640197754,1.0,1.0,0.9999077320098877,0.9998153448104858,0.5,0.9995372891426086,0.5,0.9995325207710266,0.9994392395019531,0.9986720085144043,0.9987567067146301,0.9988547563552856,0.9984802007675171,0.9993329644203186,0.9989559650421143,0.9986625909805298,0.9986684322357178,0.9999076724052429,0.9998146891593933,1.0,0.9999077320098877,0.9995356798171997,0.5,0.9993448257446289,0.9996294975280762,0.9994414448738098,0.9996282458305359,0.9999071359634399,0.9991630911827087,0.9995344877243042,0.9997215270996094,0.999813973903656,0.9567464590072632,2.179180860519409
64,0.009023820981383324,0.5,1.0,0.9999076724052429,0.9999077916145325,0.9999077320098877,0.9999078512191772,0.9999076724052429,0.9999077320098877,0.9998154640197754,1.0,0.9999078512191772,0.9999077320098877,0.9999076128005981,0.9998155236244202,1.0,0.9999077916145325,0.5,0.9998146295547485,0.5,0.9989709854125977,0.9995311498641968,0.9991461038589478,0.9982873201370239,0.999144971370697,0.9989465475082397,0.9988595247268677,0.9989519715309143,0.9992406964302063,0.9986677169799805,1.0,0.9999074339866638,1.0,1.0,0.9998147487640381,0.5,0.9993463754653931,0.9995346069335938,0.9994428157806396,0.9995351433753967,0.9998140335083008,0.9996269941329956,0.9994429349899292,0.9989784955978394,0.9998140335083008,0.9601869583129883,2.1712119579315186
65,0.009311556816101074,0.5,0.9999076128005981,1.0,1.0,0.9996306896209717,1.0,1.0,0.999722957611084,0.9998154640197754,0.9997231960296631,0.9998154640197754,0.9998153448104858,0.9999076128005981,1.0,0.9999077320098877,1.0,0.5,0.9995369911193848,0.5,0.9996263980865479,0.9995342493057251,0.9986712336540222,0.9986686706542969,0.9987630844116211,0.9987611770629883,0.9992396831512451,0.998954176902771,0.9990487098693848,0.9994312524795532,1.0,0.999536395072937,0.9997230768203735,0.9999078512191772,0.9998149871826172,0.5799999833106995,0.9994421601295471,0.9996285438537598,0.9997214078903198,0.9994421005249023,0.999627947807312,0.9995357394218445,0.9997208118438721,0.9997212886810303,0.9992573261260986,0.9578506946563721,2.2501540184020996
66,0.00910381879657507,0.5,0.999907910823822,0.9999077916145325,0.9999076724052429,1.0,0.8927649855613708,0.9998153448104858,1.0,1.0,0.9998152852058411,0.9999077320098877,0.9999078512191772,1.0,0.9999076724052429,1.0,0.9998156428337097,0.5,0.9995361566543579,0.5,0.9995328187942505,0.9995321035385132,0.9988597631454468,0.9988584518432617,0.9992406964302063,0.9991461038589478,0.9987618923187256,0.999047040939331,0.9991421699523926,0.9983815550804138,1.0,0.9996300339698792,1.0,1.0,0.9996291399002075,0.739130437374115,0.9993464946746826,0.9997210502624512,0.9994425773620605,0.9994428157806396,0.9993501901626587,0.9995360970497131,0.9996284246444702,0.999627947807312,0.9997210502624512,0.958573579788208,2.2667744159698486
67,0.008906197734177113,0.49990788102149963,0.9999076128005981,0.9998153448104858,1.0,0.9999078512191772,0.9999077916145325,0.9999077916145325,1.0,0.9582412242889404,0.9997233152389526,0.9999077320098877,0.999815821647644,0.9998154640197754,1.0,0.9999078512191772,1.0,0.5,0.999907374382019,0.49990788102149963,0.9992538690567017,0.9997193813323975,0.9984747171401978,0.9987621307373047,0.9989581108093262,0.99895179271698,0.998852550983429,0.9986714720726013,0.9989583492279053,0.9986679553985596,1.0,0.9998147487640381,0.9999077916145325,0.9999076128005981,0.9997222423553467,0.8269230723381042,0.9993463754653931,0.9996286034584045,0.9991624355316162,0.9992580413818359,0.999721884727478,0.9993507862091064,0.9998142719268799,0.9996284246444702,0.999629020690918,0.9596738219261169,2.4599809646606445
68,0.00861185323446989,0.5,0.9998157024383545,0.9999077320098877,0.999722957611084,1.0,1.0,0.999722957611084,1.0,0.9749077558517456,1.0,1.0,1.0,1.0,0.9999077916145325,0.9998154044151306,1.0,0.5,0.999722421169281,0.7856221199035645,0.9995310306549072,0.9991576075553894,0.9984744787216187,0.9987635612487793,0.9993353486061096,0.9990522861480713,0.998756468296051,0.9993332028388977,0.9989523887634277,0.9987679719924927,1.0,0.9995360970497131,0.9999077320098877,0.9999077916145325,0.9995375871658325,0.9090908765792847,0.9994395971298218,0.9997208714485168,0.9993493556976318,0.9993489980697632,0.9997214078903198,0.9996273517608643,0.9993494749069214,0.9998138546943665,0.9993499517440796,0.9594725370407104,2.750028371810913
69,0.00876067765057087,0.5,1.0,0.9998155832290649,0.9997230768203735,0.9999077320098877,1.0,1.0,0.9999078512191772,0.999907910823822,0.9999077320098877,0.9999076128005981,0.9998155832290649,1.0,0.9999078512191772,1.0,1.0,0.5,0.9997228384017944,1.0,0.9999064207077026,0.9998132586479187,0.998576283454895,0.9983828067779541,0.9988577961921692,0.9992384910583496,0.9988555908203125,0.9988612532615662,0.9991424083709717,0.999334454536438,0.9999076128005981,0.999907374382019,0.9998155236244202,1.0,0.9996294379234314,1.0,0.9992510676383972,0.9997214078903198,0.9995355010032654,0.9998140335083008,0.9995362758636475,0.9996286034584045,0.999629020690918,0.9997215270996094,0.9997205138206482,0.9622265100479126,2.260592222213745
70,0.008731241337954998,0.5,0.9999076128005981,1.0,1.0,1.0,0.9999077916145325,1.0,0.9998155832290649,0.9999077320098877,0.999723494052887,0.9999076128005981,1.0,0.9999076724052429,0.9998155832290649,0.9999078512191772,0.9998154640197754,0.5,0.999722421169281,1.0,0.9992538690567017,0.9997196793556213,0.9986727237701416,0.9994302988052368,0.9995249509811401,0.999335765838623,0.9986684322357178,0.9984767436981201,0.9991483688354492,0.9984767436981201,0.9998154640197754,0.9994451999664307,1.0,1.0,0.9997225403785706,1.0,0.9991588592529297,0.9995348453521729,0.9997212886810303,0.9997214078903198,0.9996274709701538,0.9999070167541504,0.9994428157806396,0.9994415044784546,0.9996283054351807,0.9616323709487915,2.235347270965576

71,0.00903373770415783,0.5,0.9999077916145325,0.9999078512191772,0.9999076128005981,0.9999077320098877,0.9999077916145325,0.9998155832290649,1.0,0.9999076724052429,0.9999077320098877,0.9999078512191772,1.0,0.9996313452720642,0.9997231364250183,0.9999077320098877,0.9999076724052429,0.5,0.999444842338562,0.999907910823822,0.9994392395019531,0.9995332360267639,0.9995248913764954,0.9989519715309143,0.9991444945335388,0.998576283454895,0.9990518093109131,0.9988579750061035,0.998386800289154,0.9983904361724854,0.9999077320098877,0.9892123937606812,1.0,0.9999078512191772,0.9999074339866638,0.807692289352417,0.9991583824157715,0.9997212290763855,0.9997212886810303,0.9997206330299377,0.9998141527175903,0.9997215270996094,0.9995349645614624,0.999813973903656,0.9998136162757874,0.9594485759735107,2.283820390701294
72,0.008613566868007183,0.760869562625885,1.0,1.0,0.9999077320098877,0.9998157024383545,0.9999077320098877,1.0,0.9998153448104858,1.0,0.9998155236244202,0.9999077320098877,0.9999078512191772,0.9999076128005981,0.9999078512191772,0.9998155236244202,1.0,0.760869562625885,0.9998149275779724,0.9999078512191772,0.9993455410003662,0.9996261596679688,0.9992403984069824,0.9983806610107422,0.9983775615692139,0.9993370771408081,0.9987642765045166,0.9990519285202026,0.9989503622055054,0.9995241165161133,1.0,0.9998151063919067,0.9999078512191772,0.9999076128005981,0.9996298551559448,1.0,0.9992514848709106,0.9996275901794434,0.9991652965545654,0.9996289014816284,0.9995336532592773,0.9993489980697632,0.9996278285980225,0.9996284246444702,0.9996272325515747,0.9624246954917908,2.1636414527893066

73,0.008392808958888054,0.6071428656578064,0.999722957611084,0.9998152256011963,0.9997233152389526,0.9997234344482422,0.9998156428337097,1.0,0.9999077320098877,1.0,0.9998153448104858,1.0,1.0,0.9999077320098877,0.9998155832290649,1.0,1.0,0.6071428656578064,0.999907374382019,1.0,0.9993463754653931,0.9998135566711426,0.9989527463912964,0.999050498008728,0.9990477561950684,0.998762845993042,0.9987642765045166,0.9991439580917358,0.9988555908203125,0.9988588690757751,0.9999077320098877,0.9998148679733276,1.0,0.9997230768203735,0.9995360374450684,1.0,0.9996267557144165,0.9997208714485168,0.9994421601295471,0.9992580413818359,0.9995348453521729,0.9993489980697632,0.9995346069335938,0.9996286630630493,0.9996281862258911,0.9591620564460754,2.4169299602508545
74,0.009071399457752705,0.6111111044883728,0.9999077320098877,0.9999078512191772,1.0,1.0,1.0,1.0,0.9998156428337097,0.9999075531959534,0.9997232556343079,0.9998154640197754,0.9998154640197754,1.0,1.0,0.9999076724052429,1.0,0.6111111044883728,0.999814510345459,0.9999079704284668,0.9998128414154053,0.9999066591262817,0.9987673163414001,0.9990512132644653,0.9991430044174194,0.9983822107315063,0.9982876777648926,0.9989511966705322,0.9987640380859375,0.9983873963356018,0.9999076128005981,0.9998146295547485,0.9999077320098877,1.0,0.9997227191925049,0.9999078512191772,0.9995334148406982,0.9997217655181885,0.9994432926177979,0.9998136758804321,0.9998139142990112,0.9998141527175903,0.9997210502624512,0.9991627931594849,0.999720573425293,0.9615417122840881,2.5252437591552734
75,0.008121605031192303,0.9285714626312256,1.0,0.9999077320098877,0.9996313452720642,0.9999077320098877,0.9999077916145325,1.0,1.0,0.9998155832290649,1.0,0.9999078512191772,1.0,0.9999077320098877,0.9999077320098877,0.9999077320098877,1.0,0.9285714626312256,0.9998147487640381,0.999815821647644,0.9991582632064819,0.9997201561927795,0.9987659454345703,0.9994295835494995,0.9990465641021729,0.9991469383239746,0.9989529848098755,0.9991461038589478,0.9986666440963745,0.9990487098693848,0.9999077916145325,0.9999075531959534,1.0,0.9998154044151306,0.9998149871826172,1.0,0.9992507696151733,0.9998139142990112,0.9993494749069214,0.9994431138038635,0.9998142719268799,0.999535083770752,0.9997210502624512,0.9997214078903198,0.9996286034584045,0.9642500281333923,2.6541876792907715

76,0.007814924232661724,0.9646943807601929,1.0,0.9999076724052429,0.9999076724052429,0.9999077320098877,1.0,1.0,0.9999077916145325,0.9997231364250183,1.0,0.9999077320098877,0.9999077916145325,0.9998154640197754,0.9999077320098877,1.0,0.9998153448104858,0.9999076724052429,0.9994452595710754,0.999907910823822,0.9997203350067139,0.9998135566711426,0.9989535808563232,0.9991461038589478,0.9988547563552856,0.9992376565933228,0.9988621473312378,0.9982931613922119,0.9994292259216309,0.9992423057556152,0.9999076128005981,0.9997223615646362,0.9999077916145325,1.0,0.9997220635414124,1.0,0.9995330572128296,0.9995356798171997,0.9999068975448608,0.9992564916610718,1.0,0.9993472695350647,0.9996284246444702,0.9996284246444702,0.9999071359634399,0.9646943807601929,2.3410329818725586

77,0.007946952246129513,0.9640594720840454,1.0,0.9999076128005981,0.9999077320098877,0.9999077916145325,0.9997228980064392,0.9999078512191772,0.9996311664581299,0.9999078512191772,0.9999077320098877,0.9999078512191772,1.0,0.9998154044151306,1.0,1.0,0.9999078512191772,1.0,0.9998149871826172,1.0,0.9998131394386292,0.9994396567344666,0.9989544153213501,0.9995256662368774,0.9989521503448486,0.9991428852081299,0.999334454536438,0.9991427063941956,0.9990492463111877,0.9993358850479126,1.0,0.9996294379234314,0.9999077320098877,0.9999077916145325,0.9997223615646362,1.0,0.999159038066864,0.9998140335083008,0.9993506669998169,0.9993495941162109,0.9996280670166016,0.9998143911361694,0.9996282458305359,0.9996280670166016,0.9993485808372498,0.9640594720840454,2.3943746089935303
78,0.008608072996139526,0.9607622027397156,1.0,0.9999076128005981,0.9999077320098877,1.0,0.9998156428337097,0.9999077916145325,1.0,0.9999077320098877,0.9998153448104858,1.0,0.9999078512191772,0.9997235536575317,0.9999077916145325,0.9999076128005981,0.9998153448104858,1.0,0.9992599487304688,0.9999077916145325,0.9992520809173584,0.9995334148406982,0.9987621307373047,0.9989533424377441,0.9992396831512451,0.9989573359489441,0.9992423057556152,0.9985722303390503,0.9989550113677979,0.9989567399024963,1.0,0.9996292591094971,0.9998155832290649,1.0,0.9999074935913086,1.0,0.9993455410003662,0.999535083770752,0.9999070167541504,0.9997205138206482,0.9993493556976318,0.9992580413818359,0.999535322189331,0.9994416236877441,0.9996271133422852,0.9607622027397156,2.2725043296813965
79,0.008392982184886932,0.963330090045929,1.0,0.999907910823822,0.9999078512191772,0.9998153448104858,1.0,1.0,0.9999077320098877,0.9998157024383545,0.9999077320098877,0.9999077320098877,0.9999078512191772,0.9998155832290649,0.9999076724052429,1.0,0.9998154044151306,1.0,0.9999075531959534,1.0,0.9994394779205322,0.9995318651199341,0.9989521503448486,0.998954176902771,0.9989503622055054,0.9990503191947937,0.9986704587936401,0.9988634586334229,0.9986717700958252,0.9990521669387817,1.0,0.9997224807739258,1.0,0.9998157024383545,0.9998152852058411,1.0,0.9992514848709106,0.9997203350067139,0.9997211694717407,0.9995347857475281,1.0,0.9993488788604736,0.9996286034584045,0.9998140931129456,0.9993503093719482,0.963330090045929,2.2724640369415283
80,0.008260861970484257,0.9639707803726196,0.9999077320098877,0.9998154044151306,0.9999078512191772,0.9999077320098877,0.9996311664581299,0.9998156428337097,1.0,0.9999077916145325,0.9998152256011963,0.999723494052887,0.9999077916145325,0.999907910823822,0.9999078512191772,0.9999077320098877,1.0,0.9999077916145325,0.999630331993103,1.0,0.9993468523025513,0.9998124837875366,0.9989563226699829,0.9987626075744629,0.9993307590484619,0.9986706972122192,0.9993364810943604,0.9987668395042419,0.9989519715309143,0.9988632202148438,0.9999077320098877,0.9993507862091064,0.9999077320098877,0.9999077320098877,0.9998147487640381,1.0,0.9993447065353394,0.9994438290596008,0.9993482232093811,0.9993505477905273,0.9998143911361694,0.9993489980697632,0.9998140335083008,0.9998146891593933,0.9998145699501038,0.9639707803726196,2.3590922355651855

81,0.008237595669925213,0.9634857177734375,0.9999077320098877,1.0,0.9998155236244202,0.9999077916145325,0.9998154640197754,0.9999077320098877,0.9998157024383545,1.0,0.9998152852058411,0.9999078512191772,1.0,0.9999077916145325,1.0,1.0,1.0,0.9998154640197754,0.9998149275779724,1.0,0.9996264576911926,0.999626636505127,0.9988579750061035,0.998573899269104,0.9989538192749023,0.9993376135826111,0.9987595081329346,0.9990530014038086,0.9990487098693848,0.9989532232284546,0.9998154640197754,0.9997224807739258,0.9999078512191772,1.0,0.9995370507240295,1.0,0.9995321035385132,0.9996282458305359,0.9995356798171997,0.9999071359634399,0.9998140335083008,0.9989771246910095,0.9994431138038635,0.9998136758804321,0.9998140931129456,0.9634857177734375,2.4036900997161865
82,0.007964115589857101,0.9639946222305298,0.9996313452720642,0.9998155832290649,1.0,0.9998155832290649,1.0,0.9999077320098877,0.9999077916145325,0.9999078512191772,0.9999077916145325,0.9999076724052429,1.0,0.9997227191925049,0.9998156428337097,1.0,0.9999077916145325,1.0,0.9996298551559448,1.0,0.9993478655815125,0.9996263980865479,0.9992420077323914,0.9994293451309204,0.9985690116882324,0.9990525245666504,0.9995254278182983,0.9994301795959473,0.9989556074142456,0.9987659454345703,1.0,0.9999074935913086,1.0,0.9998154044151306,0.9995368719100952,0.9999076128005981,0.9991588592529297,0.9995341300964355,0.9998141527175903,0.9993488788604736,0.9999068975448608,0.9996285438537598,0.9998140335083008,0.999813973903656,0.9997208118438721,0.9639946222305298,2.4807093143463135
83,0.00807485356926918,0.963698148727417,1.0,1.0,0.9999077916145325,1.0,0.9999077320098877,0.9999076128005981,0.9998156428337097,0.9999077320098877,0.9997231960296631,1.0,0.999907910823822,0.9998155236244202,0.9999076128005981,1.0,1.0,1.0,0.9997222423553467,1.0,0.9997199773788452,0.9997193217277527,0.9989557266235352,0.9989507794380188,0.999239981174469,0.9980905055999756,0.9990428686141968,0.9991412162780762,0.9993324279785156,0.9986706972122192,0.9999077916145325,0.9997222423553467,1.0,0.9998152852058411,0.9998148679733276,1.0,0.9992523193359375,0.9993475079536438,0.9997220039367676,0.9998147487640381,0.9997217655181885,0.9995365142822266,0.9997214078903198,0.999720573425293,0.9995357990264893,0.963698148727417,2.1801655292510986
84,0.008031783625483513,0.9647408127784729,0.9999077320098877,1.0,1.0,0.9999077320098877,0.9999077320098877,1.0,0.9999077320098877,0.9999076128005981,1.0,1.0,0.9998155832290649,1.0,0.9998157024383545,0.9999077320098877,0.9999077320098877,0.9998155236244202,0.9999076128005981,0.9999078512191772,0.9996265769004822,0.9998129606246948,0.9993358850479126,0.9991469383239746,0.9990526437759399,0.9993366003036499,0.9984831213951111,0.9990469217300415,0.9988510012626648,0.9989482164382935,0.9999077320098877,0.999721884727478,1.0,0.9998154044151306,0.999907374382019,1.0,0.9991607666015625,0.9995347261428833,0.9993485808372498,0.9995355606079102,0.9997206330299377,0.9995366334915161,0.9995356798171997,0.999535083770752,0.9999068379402161,0.9647408127784729,2.3452701568603516
85,0.007835964672267437,0.9640112519264221,0.9998154640197754,1.0,0.9998157024383545,0.9998153448104858,1.0,1.0,1.0,1.0,0.9999077320098877,0.9998154044151306,1.0,1.0,0.9999077320098877,0.9999077320098877,1.0,1.0,0.9997220039367676,0.9998156428337097,0.9996265172958374,0.9991562366485596,0.9993360042572021,0.9992421269416809,0.9983824491500854,0.9996188879013062,0.9985771179199219,0.9994285702705383,0.9993332028388977,0.9985758066177368,0.9999076724052429,0.9997223615646362,0.9998152852058411,1.0,0.9998149871826172,0.9999077916145325,0.9995335936546326,0.9995342493057251,0.9993489980697632,0.9997215270996094,0.9998139142990112,0.9997206926345825,0.9996272325515747,0.9999070167541504,0.999627947807312,0.9640112519264221,2.2700400352478027
86,0.007392109837383032,0.9685295820236206,1.0,0.9999077320098877,1.0,1.0,0.9999077916145325,0.9999077320098877,1.0,1.0,0.9999077916145325,0.9999079704284668,0.9997233152389526,0.9999077916145325,0.9999077320098877,1.0,0.9999077320098877,0.9999077916145325,0.9994443655014038,1.0,0.9998126029968262,0.9997186660766602,0.9989579319953918,0.9990473985671997,0.9989503622055054,0.9995256066322327,0.9989529848098755,0.9991441965103149,0.9993370771408081,0.9995241165161133,0.9999077320098877,0.9999074935913086,1.0,0.9999077320098877,0.9999074339866638,0.9999076128005981,0.9992537498474121,0.9996282458305359,0.9997206330299377,0.9997204542160034,0.9996287822723389,0.9995349645614624,0.9998142719268799,0.9995352029800415,0.9999068975448608,0.9685295820236206,2.2604193687438965
87,0.008131646551191807,0.9678534269332886,0.9999076724052429,1.0,1.0,0.9999077320098877,0.9998154044151306,0.9999078512191772,0.9999078512191772,0.9999077320098877,1.0,1.0,0.9999078512191772,1.0,0.9998155236244202,0.9999076724052429,0.9999077916145325,0.9999077320098877,0.9993506669998169,0.9999079704284668,0.9993447065353394,0.99953293800354,0.9988616704940796,0.9991456270217896,0.9992415904998779,0.9992398023605347,0.9991470575332642,0.9991451501846313,0.9991459846496582,0.9992357492446899,0.9999076724052429,0.9998152256011963,1.0,0.9999077320098877,0.9997230768203735,1.0,0.9995326995849609,0.9996289014816284,0.9995357394218445,0.9997208118438721,0.9996290802955627,0.9995343685150146,0.9997211694717407,0.9993501901626587,0.999814510345459,0.9678534269332886,2.2720224857330322
88,0.007231970317661762,0.9686422944068909,1.0,0.9999078512191772,0.9998154640197754,1.0,0.9999077320098877,1.0,0.9999078512191772,0.9999078512191772,0.9999077916145325,1.0,0.9998154640197754,1.0,1.0,1.0,0.9999076724052429,1.0,1.0,1.0,0.9998126029968262,0.9995328783988953,0.9993337392807007,0.9991464614868164,0.9989511966705322,0.999050498008728,0.999243974685669,0.9991434812545776,0.9989583492279053,0.9991459846496582,1.0,0.9997225999832153,1.0,1.0,0.9996305704116821,1.0,0.999624490737915,0.9994418621063232,0.9997214078903198,0.9998140931129456,0.9999072551727295,0.9995355010032654,0.9994440078735352,0.9995357394218445,0.9997209906578064,0.9686422944068909,2.3353168964385986
89,0.0077524990774691105,0.9667397141456604,1.0,0.9999077320098877,0.9999077320098877,1.0,0.9999077320098877,1.0,0.9997227191925049,0.9998155832290649,0.9996310472488403,0.9999077320098877,1.0,0.9999076724052429,1.0,1.0,1.0,0.9998157024383545,0.9997223615646362,1.0,0.9997198581695557,0.9999065399169922,0.9991488456726074,0.9989506006240845,0.9987689256668091,0.9991443157196045,0.9991418719291687,0.9988582134246826,0.9993340969085693,0.9989515542984009,0.9998157024383545,0.9998148679733276,0.9998155236244202,0.9999077320098877,0.9998149871826172,1.0,0.9991573095321655,0.9994417428970337,0.9995361566543579,0.999813973903656,0.999443531036377,0.9999071359634399,0.9995369911193848,0.9998140335083008,0.9998140931129456,0.9667397141456604,2.3838562965393066
90,0.007990141399204731,0.9659706354141235,0.9999077320098877,1.0,0.9999077916145325,1.0,0.9998155832290649,0.9999077320098877,0.9997233152389526,1.0,1.0,0.9999076128005981,0.9999077320098877,0.9997223615646362,0.9999078512191772,0.9999078512191772,0.9999077320098877,0.9999077916145325,0.999907374382019,1.0,0.9998128414154053,0.999813437461853,0.9987587928771973,0.9989551305770874,0.9985784292221069,0.998954176902771,0.9994280338287354,0.9990496039390564,0.9994282722473145,0.9991451501846313,0.9999077320098877,0.9998149871826172,1.0,0.9998152256011963,0.9998147487640381,1.0,0.9994405508041382,0.9998140335083008,0.9993484616279602,0.9993488788604736,0.9997211694717407,0.9997215270996094,0.9995348453521729,0.9997220039367676,0.9994431138038635,0.9659706354141235,2.5022151470184326

91,0.007848454639315605,0.964450478553772,0.9999077916145325,0.9999077320098877,0.9999078512191772,0.9997231364250183,1.0,0.9996311664581299,1.0,0.9998154640197754,1.0,1.0,0.9999078512191772,0.9998152256011963,0.9998154640197754,0.9999076724052429,0.9999077320098877,0.9998152852058411,0.9997224807739258,1.0,0.9996272325515747,0.9998128414154053,0.9993348121643066,0.9991444945335388,0.9991459846496582,0.9991474151611328,0.9987590312957764,0.9990483522415161,0.9984771013259888,0.9988616704940796,1.0,0.9998151659965515,0.9999077320098877,0.9999077916145325,0.9995377063751221,0.9998157024383545,0.9997208118438721,0.9998137950897217,0.999535083770752,0.999721348285675,0.9996282458305359,0.9996283054351807,0.9997211694717407,0.9997212290763855,0.9991627931594849,0.964450478553772,2.3105509281158447
92,0.007730256300419569,0.9651987552642822,0.9998152256011963,1.0,1.0,0.9999077320098877,0.9999077320098877,0.9999077916145325,1.0,0.9998154640197754,0.9999077320098877,0.9999077320098877,0.9998153448104858,0.9999078512191772,1.0,0.9999077320098877,1.0,1.0,0.9999074935913086,0.9999078512191772,0.9995312690734863,0.9996263980865479,0.9988612532615662,0.9994284510612488,0.9995254278182983,0.9989556074142456,0.9984831213951111,0.9991438388824463,0.9991415739059448,0.999050498008728,0.9998155236244202,0.9999075531959534,0.9998154044151306,1.0,0.999815046787262,1.0,0.9995323419570923,0.9998142719268799,0.9994428157806396,0.9996285438537598,0.9996272325515747,0.9995343685150146,0.9997211694717407,0.9999070167541504,0.9998141527175903,0.9651987552642822,2.1824989318847656
93,0.007791687268763781,0.9652354717254639,1.0,0.9998155832290649,0.9999077916145325,1.0,0.9999077320098877,1.0,0.9998155832290649,0.9999077320098877,0.9999077916145325,0.9999077916145325,0.9999078512191772,1.0,0.9999076724052429,1.0,0.999722957611084,0.9999076128005981,1.0,1.0,0.9996259212493896,0.9993453025817871,0.9989585280418396,0.999050498008728,0.9984810948371887,0.9989575147628784,0.9989535808563232,0.9991467595100403,0.9990507364273071,0.9988603591918945,0.9999076128005981,1.0,0.9999078512191772,1.0,0.9999074935913086,1.0,0.9995328783988953,0.9997216463088989,0.9991640448570251,0.9994414448738098,0.9996277093887329,0.9998138546943665,0.9998141527175903,0.999535322189331,0.9998140931129456,0.9652354717254639,2.2240633964538574
94,0.007824813947081566,0.9646488428115845,0.9999078512191772,1.0,0.9999078512191772,0.9999077320098877,0.9999077320098877,0.9998154640197754,1.0,0.9999076128005981,1.0,1.0,1.0,0.9999077320098877,0.9999076724052429,1.0,0.9999077320098877,0.9999077320098877,0.9998146295547485,1.0,0.9998129606246948,0.9995331764221191,0.999240517616272,0.9993360042572021,0.9989567399024963,0.9989511966705322,0.9994305372238159,0.9992386698722839,0.9991428852081299,0.9993345737457275,1.0,0.9999074935913086,0.9998155832290649,0.999722957611084,0.9997227191925049,0.9998154640197754,0.9993445873260498,0.9993507862091064,0.999813437461853,0.999535322189331,0.9997203350067139,0.9998143911361694,0.9994421005249023,0.9994411468505859,0.9995356798171997,0.9646488428115845,2.2950243949890137
95,0.006502818316221237,0.9705122709274292,0.9999077916145325,0.9999077916145325,0.9999076128005981,0.9998155236244202,0.9998154640197754,1.0,0.9999078512191772,1.0,0.9999078512191772,0.9997234344482422,0.9998157024383545,0.9998155236244202,1.0,1.0,0.9999077320098877,1.0,0.9998144507408142,1.0,0.999719500541687,0.9999066591262817,0.9994291067123413,0.999239981174469,0.9988547563552856,0.9993326663970947,0.9989561438560486,0.9994277954101562,0.9993360042572021,0.9990508556365967,0.9999077320098877,0.9998146891593933,0.9999077320098877,0.9999076128005981,0.9997217059135437,0.9999078512191772,0.9997192025184631,0.9998140335083008,0.9994428157806396,0.9993497133255005,0.9999071955680847,0.9995356798171997,0.9996287226676941,0.9999071359634399,0.9993499517440796,0.9705122709274292,2.265683174133301
96,0.007293131202459335,0.9674286842346191,0.9998155832290649,0.999907910823822,0.9998157024383545,0.9999076724052429,0.9997235536575317,1.0,0.9999077916145325,1.0,0.9998157024383545,0.9999077320098877,1.0,0.9998152256011963,0.999815821647644,0.9999077320098877,1.0,0.9999077320098877,1.0,1.0,0.9996253252029419,0.9997208118438721,0.9991425275802612,0.9997143745422363,0.9989550113677979,0.9988619089126587,0.9988569021224976,0.9989561438560486,0.9985755085945129,0.9996181726455688,0.9999077320098877,0.9998151659965515,1.0,0.9998154640197754,0.999907374382019,1.0,0.9996259212493896,0.9996281862258911,0.9995357394218445,0.9995366930961609,0.9999070167541504,0.9994429349899292,0.9995361566543579,1.0,0.9999070763587952,0.9674286842346191,2.340857744216919
97,0.007696293294429779,0.9647639393806458,1.0,0.9999077320098877,0.9999077320098877,0.9999077320098877,0.9999077320098877,1.0,0.999907910823822,0.9999077320098877,0.9998154640197754,0.9998153448104858,0.9999077916145325,1.0,1.0,1.0,0.9999077320098877,0.9997231960296631,0.9997221827507019,0.9999078512191772,0.9993460178375244,0.9999068975448608,0.9986674189567566,0.9993329644203186,0.9987701177597046,0.999240517616272,0.9990503191947937,0.999337375164032,0.9991456270217896,0.9990525245666504,1.0,0.999814510345459,1.0,1.0,0.999721884727478,0.9999076128005981,0.999250054359436,0.9998147487640381,0.9997212886810303,0.999627411365509,0.9999069571495056,0.9997212290763855,0.9997212886810303,0.9996284246444702,0.9997209310531616,0.9647639393806458,2.2665207386016846
98,0.007102744188159704,0.9674724340438843,1.0,0.9999077320098877,1.0,1.0,1.0,0.9999076128005981,0.9999077320098877,1.0,0.9999077916145325,1.0,0.9999078512191772,0.9999078512191772,1.0,1.0,0.9998154640197754,0.9999077320098877,0.9997227191925049,1.0,0.9994382858276367,0.9995335340499878,0.9989525675773621,0.9989544153213501,0.9988601803779602,0.99876868724823,0.9991434812545776,0.9992412328720093,0.9992390871047974,0.9992375373840332,1.0,0.9997222423553467,1.0,0.9998154044151306,0.9999074935913086,1.0,0.9996261596679688,0.9995357394218445,0.9996281266212463,0.9998136758804321,0.9993492364883423,1.0,0.9995357394218445,0.9999071955680847,0.9996275901794434,0.9674724340438843,2.2322938442230225
99,0.007436351850628853,0.9665130376815796,0.9999077320098877,0.9999077320098877,1.0,0.9998157024383545,0.9998156428337097,0.9998154640197754,0.9999077320098877,0.9999078512191772,1.0,0.9999077320098877,0.9999078512191772,0.9998155236244202,1.0,1.0,0.9999078512191772,0.9999077320098877,0.9998147487640381,0.9999079704284668,0.9998124837875366,0.9999061822891235,0.9993351101875305,0.9991444945335388,0.999051570892334,0.9991470575332642,0.999142050743103,0.9991433620452881,0.9993353486061096,0.9991443157196045,1.0,0.9998149871826172,1.0,0.9999078512191772,0.9998148679733276,0.9997234344482422,0.9996267557144165,0.9995351433753967,0.9995357394218445,0.9997216463088989,0.9997212290763855,0.9996287822723389,0.999535083770752,0.9994415044784546,0.9992564916610718,0.9665130376815796,2.3108162879943848
100,0.007328181993216276,0.9690002202987671,1.0,0.9999078512191772,1.0,0.9999077916145325,1.0,1.0,0.9998157024383545,1.0,0.9999077916145325,0.9998154044151306,0.9999078512191772,0.9999077916145325,0.9999077320098877,1.0,0.9999077320098877,0.9999078512191772,0.9997217655181885,0.9999078512191772,0.999439001083374,0.9998133182525635,0.9991430044174194,0.9992420077323914,0.9991469383239746,0.9990450739860535,0.9988601803779602,0.9988603591918945,0.9993340969085693,0.9995245933532715,1.0,0.9998147487640381,0.9999077320098877,0.9999078512191772,0.9997216463088989,1.0,0.999252438545227,0.9997217059135437,0.9997211694717407,0.9998141527175903,0.9996281266212463,0.9995357394218445,0.9996274709701538,0.9996284246444702,0.9997206926345825,0.9690002202987671,2.2084944248199463

101,0.006839006207883358,0.9696334600448608,0.9999078512191772,0.9999077320098877,0.9999077320098877,0.9999077320098877,0.9999078512191772,1.0,0.9998152256011963,0.9999076724052429,0.9999077320098877,0.9999078512191772,0.999907910823822,1.0,1.0,0.9999078512191772,1.0,0.9999078512191772,0.999721884727478,1.0,0.9997186660766602,0.9999066591262817,0.9992392659187317,0.9997146129608154,0.9993339776992798,0.9993364810943604,0.9986659288406372,0.9991416931152344,0.999240517616272,0.9984776377677917,0.9999077320098877,0.9995372891426086,1.0,1.0,0.9999074339866638,0.9999078512191772,0.9993453025817871,1.0,0.9998144507408142,0.9995356798171997,0.9997209310531616,0.9996287226676941,0.9994416236877441,0.9998143911361694,0.9993504285812378,0.9696334600448608,2.3132407665252686
102,0.007501654792577028,0.9661483764648438,0.9999077320098877,0.9997228980064392,1.0,0.9998152256011963,0.9999078512191772,1.0,0.9998155832290649,0.9999077320098877,1.0,0.9998155832290649,1.0,0.9999077916145325,0.9999077916145325,1.0,0.9997233152389526,1.0,0.9999075531959534,1.0,0.9999067783355713,0.9992526173591614,0.9992409944534302,0.999334454536438,0.9989593029022217,0.9991413950920105,0.9987626075744629,0.9994281530380249,0.9996192455291748,0.9996208548545837,0.9999077320098877,0.9997223615646362,0.9998154640197754,0.9999077916145325,0.9998146295547485,1.0,0.9995319843292236,0.9995351433753967,0.9994423389434814,0.9999071359634399,0.999534547328949,0.9995362758636475,0.999443531036377,0.9995365142822266,0.9996287226676941,0.9661483764648438,2.1633706092834473
103,0.00692624831572175,0.9662704467773438,0.9999077320098877,0.9999077916145325,0.9999076128005981,1.0,0.9999077320098877,0.9999077320098877,0.9995390176773071,1.0,1.0,0.9999076128005981,1.0,0.9999077320098877,1.0,1.0,0.9999077320098877,0.9999077320098877,0.9997220635414124,1.0,0.9996262788772583,0.9996259212493896,0.9990503191947937,0.9995239973068237,0.9990497827529907,0.9990501403808594,0.9991427063941956,0.9994296431541443,0.9995261430740356,0.9991452693939209,0.9999077916145325,1.0,0.9998155236244202,1.0,0.9999073147773743,1.0,0.9995319247245789,0.9997206926345825,0.9998141527175903,0.9998140931129456,0.9993497133255005,0.9995352029800415,0.9999071359634399,1.0,0.9995348453521729,0.9662704467773438,2.31264591217041
104,0.007309067063033581,0.9470916986465454,1.0,1.0,0.9998157024383545,1.0,1.0,0.9999077916145325,0.9470916986465454,0.9999077320098877,0.9999077916145325,0.9999076724052429,0.9999077320098877,0.9998151659965515,1.0,0.9999076724052429,1.0,1.0,0.9997222423553467,1.0,0.9998128414154053,0.9994414448738098,0.9997157454490662,0.9994292259216309,0.9994293451309204,0.9991443157196045,0.9991439580917358,0.9986727237701416,0.9992430210113525,0.9987654685974121,1.0,0.9998149871826172,0.9999076128005981,0.9999076128005981,0.9997220039367676,1.0,0.9994398951530457,0.999535322189331,0.9995361566543579,0.9997211694717407,0.9999070167541504,0.9997205138206482,0.9996283054351807,0.9998139142990112,0.9997212290763855,0.9680362343788147,2.265005350112915
105,0.00668635917827487,0.9725303053855896,1.0,1.0,0.9998154640197754,0.9999077320098877,1.0,0.9999078512191772,1.0,0.9998155236244202,0.9999078512191772,0.9999077320098877,1.0,0.9998154640197754,1.0,1.0,0.9999076128005981,1.0,0.9999074339866638,1.0,0.9996261596679688,0.9998131394386292,0.999335527420044,0.9992402791976929,0.9992398023605347,0.9989585280418396,0.999142050743103,0.9992379546165466,0.999524712562561,0.9991427063941956,1.0,0.9998148083686829,1.0,0.9999077916145325,0.9999072551727295,1.0,0.9993466138839722,0.9997211694717407,0.9998146295547485,0.9996291399002075,0.9999072551727295,0.9997212290763855,0.9996274709701538,0.9998143315315247,0.9996284246444702,0.9725303053855896,2.0236737728118896
106,0.006842726841568947,0.970422625541687,0.9999076128005981,0.9999077320098877,1.0,0.9998157024383545,0.9998154640197754,1.0,0.9999077916145325,1.0,0.9999077916145325,0.9999078512191772,0.9999077916145325,1.0,1.0,0.9999077916145325,1.0,1.0,0.9998148679733276,1.0,0.9997197389602661,0.9999065399169922,0.9994304180145264,0.999524712562561,0.999144971370697,0.9992395639419556,0.9990512132644653,0.9989519715309143,0.9991470575332642,0.999334990978241,0.9999077916145325,0.9999072551727295,0.9998154640197754,1.0,0.9998149871826172,1.0,0.9997185468673706,0.9999068975448608,0.9996282458305359,1.0,0.9998139142990112,0.9996285438537598,0.9995357394218445,0.9998136758804321,0.9996278285980225,0.970422625541687,2.193153142929077
107,0.006679484620690346,0.970464825630188,1.0,0.9999078512191772,1.0,1.0,0.9997227191925049,0.9999077320098877,1.0,0.9998152852058411,1.0,0.9998155236244202,0.9998156428337097,0.9999077320098877,1.0,1.0,0.9999077320098877,0.9999076128005981,0.9997222423553467,1.0,0.9998129606246948,0.9998136162757874,0.999051570892334,0.9995241165161133,0.9992396831512451,0.9993358850479126,0.9994325637817383,0.9991413950920105,0.9998091459274292,0.9995250701904297,1.0,0.9998146295547485,0.9999076128005981,0.9999078512191772,0.999907374382019,1.0,0.9995332360267639,0.9998136758804321,0.9996275901794434,0.9996292591094971,0.9997208118438721,0.9995352029800415,0.9994434118270874,0.9994431734085083,0.9995360374450684,0.970464825630188,2.3406009674072266
108,0.007150683086365461,0.9682425856590271,0.9998157024383545,0.9999076128005981,0.9999077320098877,1.0,1.0,0.9999077320098877,0.9997234344482422,0.9996306896209717,0.9999076128005981,1.0,0.9999077320098877,1.0,1.0,0.9999077320098877,0.9999076128005981,0.9999077320098877,0.9998149275779724,1.0,0.9993447065353394,0.9995338320732117,0.9993346929550171,0.9992398023605347,0.9994310736656189,0.9991477131843567,0.9991459846496582,0.9990488886833191,0.999334990978241,0.9993340969085693,0.9999077916145325,0.9998148679733276,0.9999077320098877,1.0,0.9995360970497131,1.0,0.9993458986282349,0.9994421601295471,0.9996275901794434,0.9998145699501038,0.9999071359634399,0.999721884727478,0.9993505477905273,0.9996274709701538,0.9995355010032654,0.9682425856590271,2.319633960723877
109,0.007126240059733391,0.9669077396392822,1.0,0.9999077320098877,0.9999077320098877,0.9998152852058411,1.0,0.9999077320098877,1.0,0.9998155236244202,1.0,0.9999077320098877,1.0,1.0,1.0,1.0,0.9998154640197754,0.9998157024383545,0.9997222423553467,1.0,0.9993447065353394,0.9996273517608643,0.9990543127059937,0.9995266199111938,0.9988614916801453,0.9993372559547424,0.9993325471878052,0.9989503622055054,0.9993345737457275,0.9994276762008667,0.9999077320098877,0.999815046787262,0.9999077320098877,1.0,0.999907374382019,0.9999077320098877,0.9995324611663818,0.9996284246444702,0.99934983253479,0.9996275901794434,0.9995349645614624,0.9998143315315247,0.9996281266212463,0.9998140335083008,0.9994421005249023,0.9669077396392822,2.38496470451355
110,0.007189488969743252,0.967007577419281,1.0,0.9999079704284668,0.9999077916145325,1.0,0.9999076128005981,1.0,0.9999077320098877,1.0,1.0,0.9999077916145325,1.0,0.9999078512191772,0.9998154640197754,1.0,0.9999077320098877,0.9999077916145325,0.9994447231292725,1.0,0.9997190237045288,0.9997189044952393,0.9992386698722839,0.9993326663970947,0.999524712562561,0.9994305372238159,0.999144971370697,0.998954176902771,0.9993329644203186,0.9993353486061096,0.999907910823822,0.999907374382019,1.0,1.0,0.9999072551727295,1.0,0.9997192621231079,0.999814510345459,0.999627947807312,0.999813973903656,0.9998143911361694,0.9998140335083008,0.9997212886810303,0.9998140335083008,0.9996280670166016,0.967007577419281,2.1820545196533203

111,0.006318212952464819,0.9705573320388794,0.9999077320098877,0.9999076724052429,1.0,1.0,0.9999077320098877,0.9999077320098877,0.9997230768203735,0.9998152256011963,0.9998157024383545,1.0,1.0,1.0,0.9999078512191772,1.0,0.9998155236244202,0.999907910823822,1.0,1.0,0.9996273517608643,0.9996249079704285,0.9990485310554504,0.9991415739059448,0.9997143745422363,0.9991410970687866,0.9993343353271484,0.9996194839477539,0.9998098611831665,0.999050498008728,1.0,0.999907374382019,1.0,1.0,0.9999074339866638,0.9999077320098877,0.9997193813323975,0.9997216463088989,0.9996290802955627,0.9997211694717407,1.0,0.9996282458305359,0.9995357990264893,0.999535322189331,0.9995349645614624,0.9705573320388794,2.305642604827881
112,0.007275086361914873,0.9667406678199768,0.9997231960296631,0.9998157620429993,1.0,1.0,1.0,1.0,0.9997233152389526,1.0,0.9998157024383545,0.9998154640197754,0.9998155236244202,0.9997234344482422,1.0,1.0,0.9999077320098877,1.0,0.9997225999832153,0.999907910823822,0.9996269345283508,0.9998130798339844,0.9996181130409241,0.9990526437759399,0.9989569187164307,0.9990514516830444,0.9992417097091675,0.9995259642601013,0.9997146129608154,0.9992376565933228,1.0,0.9999073147773743,0.9999077320098877,1.0,0.9998146295547485,0.9999077320098877,0.999719500541687,0.9994428157806396,0.9992580413818359,0.9994421005249023,0.999814510345459,0.9997211694717407,0.9998139142990112,0.9998135566711426,0.9996289014816284,0.9667406678199768,2.265577793121338
113,0.006913539953529835,0.9703580141067505,0.9999077916145325,1.0,1.0,1.0,0.9999077320098877,0.9999077320098877,1.0,0.9999077916145325,0.9999077320098877,1.0,1.0,1.0,0.9999077916145325,1.0,1.0,1.0,0.9995365142822266,1.0,0.9999065399169922,0.9998133182525635,0.999237060546875,0.9998106956481934,0.9991441965103149,0.9988600015640259,0.999336838722229,0.9990512132644653,0.9987677335739136,0.9989525675773621,1.0,0.9999074935913086,1.0,0.9998155832290649,0.9998151063919067,0.9999077320098877,0.9993458986282349,0.9997206330299377,0.9997214078903198,0.9999071359634399,0.9997216463088989,0.9998131990432739,0.9998140931129456,0.9998139142990112,0.9997202157974243,0.9703580141067505,2.448489189147949
114,0.006308100651949644,0.9711798429489136,1.0,0.9999078512191772,1.0,1.0,1.0,0.9999078512191772,0.9999077916145325,0.9998155832290649,0.9998155236244202,1.0,0.9999077320098877,0.9998153448104858,1.0,0.9999078512191772,1.0,1.0,0.9998146891593933,1.0,0.9997189044952393,0.999719500541687,0.9989533424377441,0.9995253086090088,0.9994273781776428,0.9995255470275879,0.9991434812545776,0.9996206760406494,0.9996212720870972,0.9996192455291748,1.0,0.999907374382019,0.9999077320098877,0.9999078512191772,0.9998146295547485,1.0,0.999626100063324,1.0,0.9997214078903198,0.9998140335083008,0.9997211694717407,1.0,0.9995347261428833,0.9998139142990112,0.9998142719268799,0.9711798429489136,2.303858757019043
115,0.006532738450914621,0.9697955846786499,0.9999077320098877,0.9999077320098877,0.9999077320098877,0.9999076724052429,1.0,1.0,0.9999077916145325,1.0,1.0,0.9999075531959534,0.9998155832290649,0.9999076724052429,1.0,0.9999078512191772,0.9997234344482422,0.9999077320098877,0.9999076724052429,1.0,0.9996260404586792,0.9995322823524475,0.9994301795959473,0.9995236396789551,0.9993361234664917,0.9997148513793945,0.9994295835494995,0.9988619089126587,0.9993363618850708,0.9992390871047974,0.9999077320098877,0.9999072551727295,0.9999077916145325,1.0,0.9996297359466553,1.0,0.9995322227478027,0.9996285438537598,0.9997216463088989,0.9998140335083008,0.9994416236877441,0.9996289014816284,0.9996287822723389,0.9994428157806396,0.9994423389434814,0.9697955846786499,2.185692310333252

